camera_matrix:
- [457.9137903310851, 0.0, 320.0]
- [0.0, 455.2959588987066, 240.0]
- [0.0, 0.0, 1.0]
dist_coeff:
- [14.86268248497024, -81.2733168722266, 0.010994749942950615, 0.0021902829282352872,
  66.9483572772829, 14.497995602028624, -78.82529016149415, 62.83854427166976, 0.0054437681559199895,
  -0.11671722901103217, -0.010728476159433042, -0.0180387971004227]
