camera_matrix:
- [4064.0073070684684, 0.0, 961.0508307027086]
- [0.0, 4106.249875159363, 204.81547830439945]
- [0.0, 0.0, 1.0]
dist_coeff:
- [0.012212135734341881, -0.9449352227825574, -0.038729887211169656, -0.004586465272813755,
  18.564946163100146]
