camera_matrix:
- [460.088926432041, 0.0, 320.0]
- [0.0, 457.06242375638504, 240.0]
- [0.0, 0.0, 1.0]
dist_coeff:
- [42.7643631382764, -238.1015188450053, 0.011512032970083614, 0.0025114340078332903,
  589.6884536240229, 42.54829338635226, -238.99554123533284, 593.2144676386589, 0.010749862707257796,
  -0.05312933823162141, -0.020291196855022772, 0.026232515266177404]
