camera_matrix:
- [479.4717664088354, 0.0, 337.92198252810624]
- [0.0, 478.6594508839222, 248.39474607607394]
- [0.0, 0.0, 1.0]
dist_coeff:
- [-0.05471301037978463, -0.9336223862240579, 0.0028076559980142455, -0.0033683385924588266,
  2.743277485341694]
